1785101157. 200
1785101157. 200
1785101157. 200
1785101157. 200
1785101157. 200
1785101158. 200
1785101158. 200
1785101158. 200
1785101158. 200
1785101158. 200
1785101159. 200
1785101159. 200
1785101159. 200
1785101159. 200
1785101159. 200
1785101160. 200
1785101160. 200
1785101160. 200
1785101160. 200
1785101160. 200
1785101161. 200
1785101161. 200
1785101161. 200
1785101161. 200
1785101161. 200
1785101162. 200
1785101162. 200
1785101162. 200
1785101162. 200
1785101164. 200
1785101164. 200
1785101164. 200
1785101164. 200
1785101165. 200
1785101165. 200
1785101165. 200
1785101165. 200
1785101165. 200
1785101166. 200
1785101166. 200
1785101166. 200
1785101166. 200
1785101166. 200
1785101167. 200
1785101167. 200
1785101167. 200
1785101167. 200
1785101167. 200
1785101168. 200
1785101168. 200
1785101168. 200
1785101168. 200
1785101168. 200
1785101169. 200
1785101169. 200
1785101169. 200
1785101169. 200
1785101169. 200
1785101170. 200
1785101170. 200
1785101170. 200
1785101170. 200
1785101171. 200
1785101171. 200
1785101171. 200
1785101171. 200
1785101171. 200
1785101172. 200
1785101172. 200
1785101172. 200
1785101172. 200
1785101172. 200
1785101173. 200
1785101173. 200
1785101173. 200
1785101173. 200
1785101173. 200
1785101174. 200
1785101174. 200
1785101174. 200
1785101174. 200
1785101174. 200
1785101175. 200
1785101175. 200
1785101175. 200
1785101175. 200
1785101175. 200
1785101176. 200
1785101176. 200
1785101176. 200
1785101176. 200
1785101176. 200
1785101177. 200
1785101177. 200
1785101177. 200
1785101177. 200
1785101177. 200
1785101178. 200
1785101178. 200
1785101178. 200
matando pod delivery-api-58955ddb5c-ldfcc em 1785101158.939656752 (18:25:58 UTC-3)
